17
149
31
81
28
22
47
174
16
26
7
24
30
43
3
16
23
310
0
5
34
177
11
3
10
3
246
111
80
44
43
87
50
261
9
13
289
57
133
1
18
0
80
34
6
0
7
0
6
38
3
5
3
6
19
62
4
14
5
10
16
23
2
2
9
80
1
0
8
54
10
3
3
1
77
33
55
5
24
32
22
66
2
4
55
20
43
1
3
1
7
25
4
1
7
1
8
80
11
19
11
11
27
81
4
14
5
13
21
27
2
4
14
115
1
0
14
78
10
3
7
1
137
50
60
12
25
41
26
99
5
4
148
27
54
1
4
1
10
26
4
1
7
1
12
153
19
76
35
15
44
153
19
15
8
17
29
36
2
12
20
285
1
0
31
142
14
3
11
1
238
86
75
51
28
75
34
228
5
7
324
46
83
3
13
1
44
26
6
1
8
1
19
274
67
176
87
22
61
256
44
23
11
18
38
47
4
49
39
548
1
0
52
370
24
3
13
1
378
202
104
145
36
122
45
544
17
16
543
79
202
3
20
1
143
35
12
3
11
1
14
188
26
104
56
18
50
178
25
18
9
17
30
40
2
22
21
364
1
0
38
198
14
3
13
1
277
109
84
76
30
88
39
310
11
12
413
53
114
3
17
1
76
27
9
1
8
1
14
164
20
86
49
17
46
163
22
15
8
17
30
37
2
17
21
330
1
0
37
166
14
3
12
1
253
99
82
66
29
79
37
263
8
8
365
50
95
3
13
1
61
27
8
1
8
1
14
177
25
97
56
17
48
173
25
17
8
17
30
38
2
18
21
353
1
0
38
177
14
3
13
1
270
108
82
70
29
83
39
296
9
11
392
53
100
3
15
1
70
27
9
1
8
1
2
36
2
9
13
4
17
36
9
11
5
6
9
15
2
8
9
88
1
0
12
50
7
2
5
1
95
31
45
8
16
38
13
73
1
4
65
28
38
1
2
1
22
21
1
1
6
1
5
49
27
10
59
5
29
73
9
42
5
10
47
15
1
39
61
130
3
1
37
177
9
2
7
17
207
52
60
5
55
66
29
155
5
27
116
115
106
0
4
4
106
68
6
3
5
1
